4	25	26
8	8	9	10	11	12	13	14	15	16	17	18	19	20	21	22	23	24	25	26	27
9	9	10	11	12	13	14	15	16	17	18	19	20	21	22	23	24	25	26	27	28
10	10	11	12	13	14	15	16	17	18	19	20	21	22	23	24	25	26	27	28	29
11	11	12	13	14	15	16	17	18	19	20	21	22	23	24	25	26	27	28	29	30
12	12	13	14	15	16	17	18	19	20	21	22	23	24	25	26	27	28	29	30	31
13	13	14	15	16	17	18	19	20	21	22	23	24	25	26	27	28	29	30	31	32
14	14	15	16	17	18	19	20	21	22	23	24	25	26	27	28	29	30	31	32	33
15	15	16	17	18	19	20	21	22	23	24	25	26	27	28	29	30	31	32	33	34
16	16	17	18	19	20	21	22	23	24	25	26	27	28	29	30	31	32	33	34	35
17	17	18	19	20	21	22	23	24	25	26	27	28	29	30	31	32	33	34	35	36
18	18	19	20	21	22	23	24	25	26	27	28	29	30	31	32	33	34	35	36	37
19	19	20	21	22	23	24	25	26	27	28	29	30	31	32	33	34	35	36	37	38
20	20	21	22	23	24	25	26	27	28	29	30	31	32	33	34	35	36	37	38	39
	36	37	38	39
ออออออออออออออออออออออออออออออออออออออออออออออออออออออออออออออออออออออออออออออออออออออออออออออออออออออออออออออออออออออออออออออออออออออออออออออออออออออออออออออออออออออออออออออออออออออออออออออออออออออออออออออออออออออออออออออออออออออออออออออออออออออออออออออออออออออออออออออออออออออออออออออออออออออออออออออออออออออออออออออออออออออออออออออออออออออออออออออออออออออออออออออออออออออออออออออออออออออออออออออออออออออออออออออออออออออออออออออออออออออออออออออออออออออออออออออออออออออออออออออออออออออออออออออออออออออออออออออออออออออออออออออออออออออออออออออออออออออออออออออออออออออออออออออออออออออออออออออออออออออออออออออออออออออออออออออออออออออออออออออออออออออออออออออออออออออออออออออออออออออออออออออออออออออออออออออออออออออออออออออออออออออออออออออออออออออออออออออออออออออออออออออออออออออออออออออออออออออออออออออออออออออออออออออออออออออออออออออออออออออออออออออออออออออออออออออออออออออออออออออออออออออออออออออออออออออออออออออออออออออออออออออออออออออออออออออออออออออออออออออออออออออออออออออออออออออออออออออออออออออออออออออออออออออออออออออออออออออออออออออออออออออออออออออออออออออออออออออออออออออออออออออออออออออออออออออออออออออออออออออออออออออออออออออออออออออออออออออออออออออออออออออออออออออออออออออออออออออออออออออออออออออออออออออออออออออออออออออออออออออออออออออออออออออออออออออออออออออออออออออออออออออออออออออออออออออออออออออออออออออออออออออออออออออออออออออออออออออออออออออออออออออออออออออออออออออออออออออออออออออออออออออออออออออออออออออออออออออออออออออออออออออออออออออออออออออออออออออออออออออออออออออออออออออออออออออออออออออออออออออออออออออออออออออออออออออออออออออออออออออออออออออออออออออออออออออออออออออออออออออออออออออออออออออออออออออออออออออออออออออออออออออออออออออออออออออออออออออออออออออออออออออออออออออออออออออออออออออออออออออออออออออออออออออออออออออออออออออออออออออออออออออออออออออออออออออออออออออออออออออออออออออออออออออออออออออออออออออออออออออออออออออออออออออออออออออออออออออออออออออออออออออออออออออออออออออออออออออออออออออออออออออออออออออออออออออออออออออออออออออออออออออออออออออออออออออออออออออออออออออออออออออออออออออออออออออออออออออออออออออออออออออออออออออออออออออออออออออออออออออออออออออออออออออออออออออออออออออออออออออออออออออออออออออออออออออออออออออออออออออออออออออออออออออออออออออออออออออออออออออออออออออออออออออออออออออออออออออออออออออออออออออออออออออออออออออออออออออออออออออออออออออออออออออออออออออออออออออออออออออออออออออออออออออออออออออออออออออออออออออออออออออออออออออออออออออออออออออออออออออออออออออออออออออออออออออออออออออออออออออออออออออออออออออออออออออออออออออออออออออออออออออออออออออออออออออออออออออออออออออออออออออออออออออออออออออออออออออออออออออออออออออออออออออออออออออออออออออออออออออออออออออออออออออออออออออออออออออออออออออออออออออออออออออออออออออออออออออออออออออออออออออออออออออออออออออออออออออออออออออออออออออออออออออออออออออออออออออออออออออออออออออออออออออออออออออออออออออออออออออออออออออออออออออออออออออออออออออออออออออออออออออออออออออออออออออออออออออออออออออออออออออออออออออออออออออออออออออออออออออออออออออออออออออออออออออออออออออออออออออออออออออออออออออออออออออออออออออออออออออออออออออออออออออออออออออออออออออออออออออออออออออออออออออออออออออออออออออออออออออออออออออออออออออออออออออออออออออออออออออออออออออออออออออออออออออออออออออออออออออออออออออออออออออออออออออออออออออออออออออออออออออออออออออออออออออออออออออออออออออออออออออออออออออออออออออออออออออออออออออออออออออออออออออออออออออออออออออออออออออออออออออออออออออออออออออออออออออออออออออออออออออออออออออออออออออออออออออออออออออออออออออออออออออออออออออออออออออออออออออออออออออออออออออออออออออออออออออออออออออออออออออออออออออออออออออออออออออออออออออออออออออออออออออออออออออออออออออออออออออออออออออออออออออออออออออออออออออออออออออออออออออออออออออออออออออออออออออออออออออออออออออออออออออออออออออออออออออออออออออออออออออออออออออออออออออออออออออออออออออออออออออออออออออออออออออออออออออออออออออออออออออออออออออออออออออออออออออออออออออออออออออออออออออออออออออออออออออออออออออออออออออออออออออออออออออออออออออออออออออออออออออออออออออออออออออออออออออออออออออออออออออออออออออออออออออออออออออออออออออออออออออออออออออออออออออออออออออออออออออออออออออออออออออออออออออออออออออออออออออออออออออออออออออออออออออออออออออออออออออออออออออออออออออออออออออออออออออออออออออออออออออออออออออออออออออออออออออออออออออออออออออออออออออออออออออออออออออออออออออออออออออออออออออออออออออออออออออออออออออออออออออออออออออออออออออออออออออออออออออออออออออออออออออออออออออออออออออออออออออออออออออออออออออออออออออออออออออออออออออออออออออออออออออออออออออออออออออออออออออออออออออออออออออออออออออออออออออออออออออออออออออออออออออออ